An error occurred: Singular matrix
T1: [[ 8.29042815e-02 -9.96557510e-01  9.68128146e-05 -2.87201374e-11]
 [ 9.96557359e-01  8.29042139e-02 -5.67210941e-04  9.80477921e-11]
 [ 5.57232133e-04  1.43503738e-04  9.99999834e-01  1.49213975e-11]
 [ 0.00000000e+00  0.00000000e+00  0.00000000e+00  1.00000000e+00]]
T2: [[ 8.29042813e-02 -9.96557510e-01  9.68128146e-05 -4.20477875e-10]
 [ 9.96557359e-01  8.29042136e-02 -5.67210941e-04  1.43566758e-09]
 [ 5.57232133e-04  1.43503738e-04  9.99999834e-01  2.17468710e-10]
 [ 0.00000000e+00  0.00000000e+00  0.00000000e+00  1.00000000e+00]]
d1: [11.317639  10.604675  10.472978   9.95799    9.659123   9.580269
  9.6397     9.433153   9.225491   9.179172   9.043339   8.970501
  8.827655   9.132823   7.978846   8.476118   8.1218405  8.135303
  8.005421   7.5548024  7.8697176  8.02927    7.8517504  7.9613175
  7.4430404  7.5594187  8.252996   7.640172   7.509865   6.389904
  7.3019867  6.4019685  6.8217173  6.405616   7.229514   6.8276587
  7.136452   6.4141054  6.8844643  6.7148643  6.4241595  6.419373
  7.977297   6.9884925  6.3082194  6.179286   7.287955   6.9769087
  6.0589237  6.94651    6.700646   5.928337   6.722749   5.734767
  6.3001165  6.4985347  6.369731   5.7770486  5.8971214  5.631095
  5.7144012  6.202661   5.6562686  5.42196    5.5924277  5.420708
  5.466483   5.617791   5.551001   5.331779   5.2255354 11.173363
 10.834205  10.507673  10.1450405  9.804439   9.325996   9.257671
  8.905052   8.843651   7.877585   8.188132   8.039694   7.825779
  7.742649   7.563664   7.375347   7.064504   6.4911184  7.3396416
  7.185298   7.2649593  6.948963   7.0795126  7.550981   6.3193164
  6.1206994  7.2643666  6.877248   6.534605   6.4137945  6.050985
  6.9329524  6.671763   6.1121798  5.842373   6.4018173  6.768552
  5.891544   6.1354938  5.915006   6.5473514  5.6606574  5.963517
  6.504403   5.736711   5.943625   6.5088396  6.0610695  5.4606037
  5.579595   5.6710763  5.451264   7.9777513 10.550978  10.140378
  9.636107   9.083794   9.023817   8.898865   8.863555   8.234312
  8.192311   7.8587236  7.5905895  7.7345605  7.5437026  7.2707663
  6.463034   7.399734   7.0574703  6.527627   7.401494   7.0833464
  7.1975827  6.4845195  6.9327807  6.1754365  6.3362308  6.6932764
  6.066894   6.96337    6.6336913  6.138169   6.431814   6.7881837
  5.8761454  6.1496687  5.9173646  6.738917   5.6327214  6.5016503
  5.9579287  5.731271   6.4989552  6.095323   5.419369   5.9296403
  5.6675816 10.538175   8.901961   8.33157    8.266519   7.905071
  7.734864   7.4886203  7.4175563  7.5230427  7.3056664  6.1574817
  6.099309   6.2486496  6.554853   6.483346   6.3396096  5.7385726
  5.363284   5.6036143  8.889484   7.4247017  6.855312   6.0978665
  6.360802   5.7662544]
theta1: [ 0.45973957  0.40835905  0.4067428   0.30402577  0.25298357  0.23379934
  0.26838422  0.19867492  0.12861419  0.10991478  0.07653081 -0.1496222
  0.04007661  0.39081228 -0.04609406 -0.37741816 -0.3951242  -0.41340113
 -0.41331232 -0.29105318 -0.41132212 -0.46610475 -0.42885423 -0.482296
  0.42484832 -0.48272216 -0.6389763  -0.53366256 -0.53547144 -0.09915411
 -0.5334282   0.2324369  -0.4319805   0.2853464  -0.5707452  -0.48374164
 -0.56906354  0.37187004 -0.53537464  0.49503148 -0.42926574 -0.4512695
 -0.76218927 -0.6064403  -0.45823348 -0.46736968 -0.7454202  -0.7301417
 -0.59010386 -0.76263475 -0.7455863  -0.602417   -0.7821933  -0.59170586
 -0.7457955  -0.77926004 -0.7640784  -0.65889066 -0.71258897 -0.65844446
 -0.6822054  -0.78004414 -0.7342637  -0.7031537  -0.7653054  -0.7337096
 -0.7629759  -0.7967889  -0.78057104 -0.77883524 -0.7597484   0.47829735
  0.4253329   0.39008117  0.3379078   0.26956284  0.16278923  0.18337047
  0.02181423 -0.02707541  0.02567303 -0.41937196 -0.45391536 -0.4470371
 -0.501889   -0.45703042 -0.5303031  -0.5265436  -0.34656227 -0.591379
 -0.5614953  -0.62304515 -0.5694443  -0.6270177  -0.7487401  -0.5000936
 -0.44252324  0.7043079  -0.6428641  -0.57078695  0.56139576 -0.48286676
 -0.691229   -0.65946835 -0.5528513  -0.502022    0.64937294 -0.7247064
 -0.5356611  -0.6151131  -0.56404614 -0.7272348  -0.55228925 -0.6469289
 -0.7731152  -0.6224217  -0.6729629   0.7771462  -0.7193448  -0.66573215
 -0.6988364  -0.77178806 -0.8003428  -0.4357072   0.39373243  0.33692706
  0.23601449  0.05278933  0.06746721  0.01903522 -0.02396929 -0.4234556
 -0.47836363 -0.44360876 -0.42586684 -0.4942056  -0.45425475 -0.37735617
  0.10938096 -0.53107834 -0.43638444 -0.19841349 -0.5892891  -0.52424896
 -0.5600171  -0.34571862 -0.56814444 -0.42861557 -0.50327647 -0.6166059
 -0.480412   -0.68947744 -0.65901875 -0.54967976  0.6448823  -0.7261835
 -0.5418986  -0.61655015 -0.5665548  -0.76440406 -0.5505189  -0.770201
 -0.67066854 -0.61949193  0.77525103 -0.7196656  -0.66845083 -0.7980555
 -0.76963     0.39166164  0.01452899 -0.42979634 -0.4742328  -0.44480813
 -0.49812806 -0.4421053  -0.5042254  -0.58459836 -0.5457046  -0.40847552
 -0.47747862 -0.5365182  -0.6547358   0.64340436 -0.65076995 -0.61740476
 -0.6650411  -0.7567404   0.00672996 -0.4384663  -0.5311152  -0.39927483
 -0.53042233 -0.60619646]
d2: [11.317639  10.604675  10.472978   9.95799    9.659123   9.580269
  9.6397     9.433153   9.225491   9.179172   9.043339   8.970501
  8.827655   9.132823   7.978846   8.476118   8.1218405  8.135303
  8.005421   7.5548024  7.8697176  8.02927    7.8517504  7.9613175
  7.4430404  7.5594187  8.252996   7.640172   7.509865   6.389904
  7.3019867  6.4019685  6.8217173  6.405616   7.229514   6.8276587
  7.136452   6.4141054  6.8844643  6.7148643  6.4241595  6.419373
  7.977297   6.9884925  6.3082194  6.179286   7.287955   6.9769087
  6.0589237  6.94651    6.700646   5.928337   6.722749   5.734767
  6.3001165  6.4985347  6.369731   5.7770486  5.8971214  5.631095
  5.7144012  6.202661   5.6562686  5.42196    5.5924277  5.420708
  5.466483   5.617791   5.551001   5.331779   5.2255354 11.173363
 10.834205  10.507673  10.1450405  9.804439   9.325996   9.257671
  8.905052   8.843651   7.877585   8.188132   8.039694   7.825779
  7.742649   7.563664   7.375347   7.064504   6.4911184  7.3396416
  7.185298   7.2649593  6.948963   7.0795126  7.550981   6.3193164
  6.1206994  7.2643666  6.877248   6.534605   6.4137945  6.050985
  6.9329524  6.671763   6.1121798  5.842373   6.4018173  6.768552
  5.891544   6.1354938  5.915006   6.5473514  5.6606574  5.963517
  6.504403   5.736711   5.943625   6.5088396  6.0610695  5.4606037
  5.579595   5.6710763  5.451264   7.9777513 10.550978  10.140378
  9.636107   9.083794   9.023817   8.898865   8.863555   8.234312
  8.192311   7.8587236  7.5905895  7.7345605  7.5437026  7.2707663
  6.463034   7.399734   7.0574703  6.527627   7.401494   7.0833464
  7.1975827  6.4845195  6.9327807  6.1754365  6.3362308  6.6932764
  6.066894   6.96337    6.6336913  6.138169   6.431814   6.7881837
  5.8761454  6.1496687  5.9173646  6.738917   5.6327214  6.5016503
  5.9579287  5.731271   6.4989552  6.095323   5.419369   5.9296403
  5.6675816 10.538175   8.901961   8.33157    8.266519   7.905071
  7.734864   7.4886203  7.4175563  7.5230427  7.3056664  6.1574817
  6.099309   6.2486496  6.554853   6.483346   6.3396096  5.7385726
  5.363284   5.6036143  8.889484   7.4247017  6.855312   6.0978665
  6.360802   5.7662544]
theta2: [ 0.45973957  0.40835905  0.4067428   0.30402577  0.25298357  0.23379934
  0.26838422  0.19867492  0.12861419  0.10991478  0.07653081 -0.1496222
  0.04007661  0.39081228 -0.04609406 -0.37741816 -0.3951242  -0.41340113
 -0.41331232 -0.29105318 -0.41132212 -0.46610475 -0.42885423 -0.482296
  0.42484832 -0.48272216 -0.6389763  -0.53366256 -0.53547144 -0.09915411
 -0.5334282   0.2324369  -0.4319805   0.2853464  -0.5707452  -0.48374164
 -0.56906354  0.37187004 -0.53537464  0.49503148 -0.42926574 -0.4512695
 -0.76218927 -0.6064403  -0.45823348 -0.46736968 -0.7454202  -0.7301417
 -0.59010386 -0.76263475 -0.7455863  -0.602417   -0.7821933  -0.59170586
 -0.7457955  -0.77926004 -0.7640784  -0.65889066 -0.71258897 -0.65844446
 -0.6822054  -0.78004414 -0.7342637  -0.7031537  -0.7653054  -0.7337096
 -0.7629759  -0.7967889  -0.78057104 -0.77883524 -0.7597484   0.47829735
  0.4253329   0.39008117  0.3379078   0.26956284  0.16278923  0.18337047
  0.02181423 -0.02707541  0.02567303 -0.41937196 -0.45391536 -0.4470371
 -0.501889   -0.45703042 -0.5303031  -0.5265436  -0.34656227 -0.591379
 -0.5614953  -0.62304515 -0.5694443  -0.6270177  -0.7487401  -0.5000936
 -0.44252324  0.7043079  -0.6428641  -0.57078695  0.56139576 -0.48286676
 -0.691229   -0.65946835 -0.5528513  -0.502022    0.64937294 -0.7247064
 -0.5356611  -0.6151131  -0.56404614 -0.7272348  -0.55228925 -0.6469289
 -0.7731152  -0.6224217  -0.6729629   0.7771462  -0.7193448  -0.66573215
 -0.6988364  -0.77178806 -0.8003428  -0.4357072   0.39373243  0.33692706
  0.23601449  0.05278933  0.06746721  0.01903522 -0.02396929 -0.4234556
 -0.47836363 -0.44360876 -0.42586684 -0.4942056  -0.45425475 -0.37735617
  0.10938096 -0.53107834 -0.43638444 -0.19841349 -0.5892891  -0.52424896
 -0.5600171  -0.34571862 -0.56814444 -0.42861557 -0.50327647 -0.6166059
 -0.480412   -0.68947744 -0.65901875 -0.54967976  0.6448823  -0.7261835
 -0.5418986  -0.61655015 -0.5665548  -0.76440406 -0.5505189  -0.770201
 -0.67066854 -0.61949193  0.77525103 -0.7196656  -0.66845083 -0.7980555
 -0.76963     0.39166164  0.01452899 -0.42979634 -0.4742328  -0.44480813
 -0.49812806 -0.4421053  -0.5042254  -0.58459836 -0.5457046  -0.40847552
 -0.47747862 -0.5365182  -0.6547358   0.64340436 -0.65076995 -0.61740476
 -0.6650411  -0.7567404   0.00672996 -0.4384663  -0.5311152  -0.39927483
 -0.53042233 -0.60619646]

d1[i]: 6.40561580657959
theta1[i]: 0.2853463888168335
d2[i]: 6.40561580657959
theta2[i]: 0.2853463888168335

d1[i]: 7.229514122009277
theta1[i]: -0.5707452297210693
d2[i]: 7.229514122009277
theta2[i]: -0.5707452297210693

d1[i]: 6.714864253997803
theta1[i]: 0.495031476020813
d2[i]: 6.714864253997803
theta2[i]: 0.495031476020813

d1[i]: 10.83420467376709
theta1[i]: 0.4253329038619995
d2[i]: 10.83420467376709
theta2[i]: 0.4253329038619995

d1[i]: 7.264366626739502
theta1[i]: 0.7043079137802124
d2[i]: 7.264366626739502
theta2[i]: 0.7043079137802124

d1[i]: 6.41379451751709
theta1[i]: 0.5613957643508911
d2[i]: 6.41379451751709
theta2[i]: 0.5613957643508911

d1[i]: 10.14037799835205
theta1[i]: 0.33692705631256104
d2[i]: 10.14037799835205
theta2[i]: 0.33692705631256104

d1[i]: 6.483345985412598
theta1[i]: 0.6434043645858765
d2[i]: 6.483345985412598
theta2[i]: 0.6434043645858765

